4
321027
0
0
erase 22,211531,228864,263590,294400,360962,392704,393730,425472,426498,458240,459266,491008,492034,523776,524802,556544,557570,589312,590338,622080,623106,655360
new 2,0,1024
new 2,1024,2048
new 2,2048,3072
new 2,3072,4096
new 2,4096,5120
new 2,5120,6144
new 2,6144,7168
new 2,7168,8192
new 2,8192,9216
new 2,9216,10240
new 14,10240,10915,10916,10918,10919,10920,10921,10922,10923,10924,10925,10926,10927,11270
new 2,11270,12294
new 16,12294,12502,12503,12504,12505,12506,12507,12514,12515,12516,12517,12527,12528,12529,12530,13325
new 30,13325,13331,13332,13333,13334,13335,13336,13337,13338,13404,13405,13406,13407,13408,13409,13410,13411,13415,13416,13417,13418,13423,13424,13425,13426,14172,14173,14174,14175,14363
new 18,14363,14807,14808,14809,14810,14828,14829,14830,14831,14923,14924,14925,14926,14928,14929,14930,14931,15395
new 2,15395,16419
new 18,16419,16528,16529,16530,16531,16565,16566,16567,16568,16627,16628,16629,16630,16679,16680,16681,16682,17451
new 10,17451,17954,17955,17956,17957,17958,17959,17960,17961,18479
new 2,18479,19503
new 26,19503,19653,19654,19655,19656,19753,19754,19755,19756,20121,20122,20123,20124,20129,20130,20131,20132,20420,20421,20422,20423,20451,20452,20453,20454,20539
new 2,20539,21563
new 2,21563,22587
new 2,22587,23611
new 2,23611,24635
new 2,24635,25659
new 2,25659,26683
new 2,26683,27707
new 2,27707,28731
new 2,28731,29755
new 2,29755,30779
new 2,30779,31803
new 78,31803,32252,32253,32254,32255,32256,32257,32258,32259,32531,32532,32533,32534,32535,32536,32537,32538,32539,32540,32542,32543,32544,32545,32546,32547,32548,32549,32670,32671,32672,32673,32679,32680,32681,32682,32683,32684,32685,32686,32694,32695,32696,32697,32698,32699,32700,32701,32702,32703,32721,32722,32723,32724,32747,32748,32749,32750,32751,32752,32753,32754,32755,32756,32757,32758,32759,32760,32762,32763,32764,32765,32766,32768,32770,32929,32931,33443,33535
new 2,33535,34559
new 2,34559,35583
new 2,35583,36607
new 2,36607,37631
new 2,37631,38655
new 2,38655,39679
new 2,39679,40703
new 2,40703,41727
new 2,41727,42751
new 2,42751,43775
new 2,43775,44799
new 2,44799,45823
new 2,45823,46847
new 2,46847,47871
new 2,47871,48895
new 2,48895,49919
new 2,49919,50943
new 2,50943,51967
new 2,51967,52991
new 2,52991,54015
new 2,54015,55039
new 2,55039,56063
new 2,56063,57087
new 2,57087,58111
new 2,58111,59135
new 2,59135,60159
new 2,60159,61183
new 80,61183,61745,61746,61748,61749,61752,61753,61754,61755,61761,61762,61768,61769,61814,61815,61816,61817,61818,61819,61824,61825,61835,61836,61843,61844,61850,61851,61863,61864,61870,61871,61876,61877,61878,61879,61894,61895,61905,61906,61915,61916,61919,61920,61924,61925,61926,61927,61930,61931,61935,61936,61941,61942,61957,61958,61966,61967,61972,61973,61976,61977,61978,61979,62105,62106,62112,62113,62118,62119,62131,62132,62146,62147,62183,62184,62203,62204,62206,62207,62246
new 68,62246,62257,62258,62259,62260,62267,62268,62286,62287,62345,62346,62352,62353,62407,62408,62422,62423,62439,62440,62443,62444,62473,62474,62481,62482,62499,62500,62509,62510,62527,62528,62538,62539,62685,62686,62892,62893,62926,62927,62931,62932,62969,62970,62971,62972,63136,63137,63149,63150,63160,63161,63167,63168,63169,63170,63204,63205,63208,63209,63251,63252,63285,63286,63287,63288,63289,63290,63303
new 30,63303,63333,63334,63400,63401,63502,63503,63626,63627,63630,63631,63730,63731,63734,63735,63799,63800,63832,63833,63837,63838,63848,63849,63856,63857,64079,64080,64239,64240,64341
new 80,64341,64514,64515,64520,64521,64542,64543,64553,64554,64582,64583,64585,64586,64595,64596,64600,64601,64608,64609,64820,64821,64822,64823,64828,64829,64836,64837,64842,64843,64848,64849,64856,64857,64863,64864,64873,64874,64888,64889,64896,64897,64903,64904,64922,64923,64930,64931,64932,64933,64938,64939,64953,64954,64961,64962,64969,64970,64973,64974,65049,65050,65216,65217,65269,65270,65290,65291,65302,65303,65314,65315,65316,65317,65320,65321,65332,65333,65342,65343,65404
new 262,65404,65410,65411,65420,65421,65458,65459,65463,65464,65467,65468,65471,65472,65485,65486,65489,65490,65491,65492,65504,65505,65511,65512,65516,65517,65525,65526,65530,65531,65534,65536,65538,66050,66056,66057,66060,66061,66073,66074,66078,66079,66080,66081,66082,66083,66084,66085,66089,66090,66092,66093,66099,66100,66103,66104,66107,66108,66137,66138,66151,66152,66176,66177,66203,66204,66240,66241,66267,66268,66312,66313,66330,66331,66342,66343,66371,66372,66384,66385,66409,66410,66411,66412,66415,66416,66418,66419,66421,66422,66425,66426,66429,66430,66437,66438,66440,66441,66445,66446,66461,66462,66471,66472,66476,66477,66482,66483,66487,66488,66493,66494,66497,66498,66502,66503,66512,66513,66517,66518,66528,66529,66536,66537,66542,66543,66546,66547,66550,66551,66578,66579,66593,66594,66599,66600,66604,66605,66608,66609,66614,66615,66619,66620,66630,66631,66635,66636,66643,66644,66647,66648,66653,66654,66660,66661,66664,66665,66675,66676,66678,66679,66684,66685,66689,66690,66701,66702,66712,66713,66728,66729,66732,66733,66737,66738,66741,66742,66747,66748,66753,66754,66762,66763,66768,66769,66773,66774,66776,66777,66783,66784,66790,66791,66800,66801,66807,66808,66812,66813,66820,66821,66845,66846,66852,66853,66859,66860,66870,66871,66874,66875,66881,66882,66888,66889,66892,66893,66907,66908,66918,66919,66922,66923,66934,66935,66938,66939,66949,66950,66955,66956,66964,66965,66971,66972,66980,66981,66986,66987,66994,66995,66999,67000,67004,67005,67010,67011,67016,67017,67024,67025,67032,67033,67036,67037,67038,67039,67046,67047,67053,67054,67070
new 64,67070,67110,67111,67118,67119,67128,67129,67136,67137,67145,67146,67158,67159,67170,67171,67181,67182,67357,67358,67370,67371,67379,67380,67390,67391,67491,67492,67502,67503,67511,67512,67520,67521,67525,67526,67533,67534,67544,67545,67555,67556,67566,67567,67618,67619,67627,67628,67921,67922,67930,67931,67946,67947,68031,68032,68045,68046,68054,68055,68098,68099,68112,68113,68125
new 88,68125,68129,68130,68139,68140,68148,68149,68177,68178,68190,68191,68201,68202,68215,68216,68250,68251,68261,68262,68273,68274,68288,68289,68300,68301,68318,68319,68373,68374,68380,68381,68385,68386,68427,68428,68438,68439,68448,68449,68477,68478,68506,68507,68518,68519,68529,68530,68537,68538,68549,68550,68561,68562,68566,68567,68576,68577,68587,68588,68595,68596,68710,68711,68719,68720,68734,68735,68745,68746,68768,68769,68827,68828,68857,68858,68872,68873,69027,69028,69072,69073,69153,69154,69167,69168,69183,69184,69192
new 68,69192,69199,69200,69206,69207,69220,69221,69232,69233,69245,69246,69299,69300,69308,69309,69320,69321,69331,69332,69359,69360,69438,69439,69488,69489,69500,69501,69510,69511,69521,69522,69533,69534,69542,69543,69565,69566,69573,69574,69584,69585,69594,69595,69613,69614,69657,69658,69667,69668,69680,69681,69848,69849,69965,69966,69973,69974,70035,70036,70082,70083,70091,70092,70097,70098,70106,70107,70249
new 48,70249,70255,70256,70276,70277,70278,70279,70281,70282,70284,70285,70287,70288,70291,70292,70294,70295,70297,70298,70300,70301,70304,70305,70309,70310,70312,70313,70316,70317,70319,70320,70322,70323,70325,70326,70329,70330,70332,70333,70336,70337,71118,71119,71120,71121,71122,71123,71296
new 22,71296,71375,71376,71377,71378,71436,71437,71438,71439,71480,71481,71482,71483,71539,71540,71541,71542,71543,71544,71545,71546,72330
new 26,72330,72748,72749,72750,72751,72780,72781,72782,72783,72816,72817,72818,72819,72905,72906,72907,72908,72913,72914,72915,72916,72955,72956,72957,72958,73366
new 6,73366,73541,73542,73543,73544,74392
new 22,74392,75237,75238,75239,75240,75376,75377,75378,75379,75381,75382,75383,75384,75390,75391,75392,75393,75394,75395,75396,75397,75426
new 2,75426,76450
new 2,76450,77474
new 14,77474,77620,77621,77622,77623,78036,78037,78038,78039,78191,78192,78193,78194,78504
new 30,78504,79056,79057,79058,79059,79062,79063,79064,79065,79067,79068,79069,79070,79082,79083,79084,79085,79184,79185,79186,79187,79188,79189,79190,79191,79197,79198,79199,79200,79542
new 2,79542,80566
new 18,80566,81299,81300,81301,81302,81303,81304,81305,81306,81361,81362,81363,81364,81392,81393,81394,81395,81598
new 30,81598,81609,81610,81611,81612,81653,81654,81655,81656,81671,81672,81673,81674,81706,81707,81708,81709,81710,81711,81712,81713,81767,81768,81769,81770,81824,81825,81826,81827,82636
new 14,82636,82843,82844,82845,82846,82989,82990,82991,82992,82997,82998,82999,83000,83666
new 18,83666,84250,84251,84252,84253,84255,84256,84257,84258,84261,84262,84263,84264,84551,84552,84553,84554,84698
new 2,84698,85722
new 2,85722,86746
new 2,86746,87770
new 2,87770,88794
new 2,88794,89818
new 2,89818,90842
new 2,90842,91866
new 2,91866,92890
new 18,92890,93476,93477,93478,93479,93522,93523,93524,93525,93528,93529,93530,93531,93589,93590,93591,93592,93922
new 2,93922,94946
new 10,94946,95110,95111,95112,95113,95123,95124,95125,95126,95974
new 8,95974,96069,96070,96071,96072,96073,96074,97001
new 22,97001,97898,97899,97900,97901,97902,97903,97957,97958,97959,97960,97984,97985,97986,97987,97988,97989,98010,98011,98012,98013,98035
new 60,98035,98039,98040,98041,98042,98072,98073,98074,98075,98106,98107,98108,98109,98110,98111,98251,98252,98253,98254,98260,98261,98262,98263,98264,98265,98266,98267,98268,98269,98270,98271,98272,98273,98274,98275,98276,98277,98278,98279,98280,98281,98282,98283,98284,98285,98286,98287,98288,98289,98298,98299,98300,98301,98302,98304,98306,98465,98467,98979,99758
new 2,99758,100782
new 4,100782,101251,101252,101807
new 6,101807,102172,102173,102809,102810,102833
new 16,102833,102981,102982,103011,103012,103053,103054,103203,103204,103211,103212,103218,103219,103220,103221,103864
new 16,103865,103866,103867,103870,103871,103872,103873,103877,103878,103879,103880,103883,103884,103885,103886,104896
new 22,104896,105783,105784,105785,105786,105788,105789,105790,105791,105860,105861,105869,105870,105874,105875,105903,105904,105912,105913,105919,105920,105930
new 74,105930,106043,106044,106047,106048,106053,106054,106059,106060,106061,106062,106080,106081,106128,106129,106208,106209,106210,106211,106228,106229,106277,106278,106293,106294,106358,106359,106360,106361,106365,106366,106368,106369,106370,106371,106396,106397,106398,106399,106420,106421,106429,106430,106434,106435,106466,106467,106578,106579,106583,106584,106588,106589,106594,106595,106606,106607,106613,106614,106616,106617,106636,106637,106641,106642,106831,106832,106837,106838,106839,106840,106875,106876,106990
new 52,106990,107330,107331,107596,107597,107621,107622,107624,107625,107626,107627,107628,107629,107682,107683,107684,107685,107686,107687,107689,107690,107691,107692,107693,107694,107695,107696,107697,107698,107715,107716,107721,107722,107724,107725,107801,107802,107803,107804,107841,107842,107960,107961,107962,107963,107980,107981,107986,107987,107989,107990,108039
new 58,108039,108066,108067,108068,108069,108107,108108,108227,108228,108229,108230,108247,108248,108253,108254,108256,108257,108342,108343,108344,108345,108385,108386,108494,108495,108496,108497,108514,108515,108520,108521,108523,108524,108601,108602,108603,108604,108642,108643,108762,108763,108764,108765,108782,108783,108788,108789,108791,108792,108870,108871,108872,108873,108911,108912,109032,109033,109091
new 150,109091,109178,109179,109181,109182,109183,109184,109186,109187,109190,109191,109192,109193,109194,109195,109196,109197,109198,109199,109200,109201,109202,109203,109204,109205,109206,109207,109208,109209,109214,109215,109216,109217,109218,109219,109222,109223,109226,109227,109230,109231,109234,109235,109236,109237,109240,109241,109244,109245,109248,109249,109252,109253,109256,109257,109258,109259,109262,109263,109266,109267,109270,109271,109274,109275,109278,109279,109282,109283,109366,109367,109368,109369,109375,109376,109390,109391,109395,109396,109397,109398,109399,109400,109401,109402,109403,109404,109405,109406,109411,109412,109413,109414,109451,109452,109454,109455,109469,109470,109484,109485,109489,109490,109495,109496,109500,109501,109505,109506,109510,109511,109515,109516,109520,109521,109525,109526,109530,109531,109535,109536,109537,109538,109540,109541,109591,109592,109618,109619,109621,109622,109623,109624,109626,109627,109844,109845,109853,109854,109855,109856,110083,110084,110086,110087,110088,110089,110091,110092,110189
new 366,110189,110332,110333,110335,110336,110337,110338,110582,110583,110585,110586,110587,110588,110589,110590,110593,110594,110602,110603,110606,110607,110608,110609,110614,110615,110616,110617,110618,110619,110620,110621,110622,110623,110624,110625,110636,110637,110638,110639,110640,110641,110643,110644,110645,110646,110647,110648,110649,110650,110651,110652,110653,110654,110655,110656,110657,110658,110659,110660,110661,110662,110663,110664,110665,110666,110667,110668,110669,110670,110671,110672,110673,110674,110675,110676,110677,110678,110679,110680,110681,110682,110683,110684,110685,110686,110687,110688,110689,110690,110691,110692,110693,110694,110695,110696,110697,110698,110699,110700,110701,110702,110703,110704,110705,110706,110707,110708,110709,110710,110713,110714,110716,110717,110718,110719,110720,110721,110726,110727,110729,110730,110732,110733,110734,110735,110737,110738,110740,110741,110748,110749,110770,110771,110772,110773,110774,110775,110776,110777,110778,110779,110780,110781,110782,110783,110784,110785,110786,110787,110788,110789,110790,110791,110792,110793,110794,110795,110796,110797,110799,110800,110801,110802,110803,110804,110805,110806,110807,110808,110809,110810,110811,110812,110813,110814,110815,110816,110817,110818,110819,110820,110821,110822,110823,110824,110826,110827,110828,110829,110830,110831,110832,110833,110834,110835,110836,110837,110838,110839,110840,110841,110842,110843,110844,110845,110846,110847,110848,110849,110850,110851,110852,110853,110854,110855,110856,110857,110858,110859,110860,110861,110862,110863,110864,110865,110866,110867,110868,110869,110870,110871,110872,110873,110874,110875,110876,110877,110878,110879,110880,110881,110882,110883,110884,110885,110886,110887,110888,110889,110890,110891,110892,110893,110894,110895,110896,110897,110898,110899,110900,110901,110902,110903,110904,110905,110906,110907,110908,110909,110910,110911,110912,110913,110914,110915,110916,110917,110918,110919,110920,110921,110922,110923,110924,110925,110926,110927,110928,110929,110930,110931,110932,110933,110934,110935,110936,110937,110938,110939,110940,110941,110942,110943,110944,110945,110946,110947,110948,110949,110950,110951,110952,110953,110954,110955,110957,110958,110959,110960,110961,110962,110963,110964,110965,110966,110967,110968,110969,110970,110971,110972,110973,110974,110975,110976,110977,110978,110979,110980,110981,110982,110983,110984,110985,110986,110989,110990,110991,110992,110993,110994,110995,110996,110997,110998,111048,111049,111050,111051,111054,111055,111093,111094,111095,111096,111395
new 488,111395,111977,111978,111979,111980,111982,111983,111984,111985,111986,111987,111988,111989,111990,111991,111992,111993,111995,111996,111998,111999,112001,112002,112004,112005,112006,112007,112009,112010,112012,112013,112015,112016,112017,112018,112020,112021,112023,112024,112026,112027,112029,112030,112032,112033,112035,112036,112038,112039,112041,112042,112044,112045,112047,112048,112050,112051,112053,112054,112057,112058,112060,112061,112063,112064,112066,112067,112069,112070,112072,112073,112074,112075,112076,112077,112079,112080,112082,112083,112086,112087,112090,112091,112093,112094,112096,112097,112099,112100,112102,112103,112105,112106,112108,112109,112111,112112,112114,112115,112117,112118,112121,112122,112124,112125,112127,112128,112130,112131,112133,112134,112136,112137,112139,112140,112142,112143,112145,112146,112148,112149,112151,112152,112154,112155,112157,112158,112159,112160,112162,112163,112165,112166,112168,112169,112171,112172,112174,112175,112176,112177,112179,112180,112182,112183,112185,112186,112188,112189,112191,112192,112194,112195,112197,112198,112199,112200,112202,112203,112205,112206,112208,112209,112211,112212,112214,112215,112217,112218,112220,112221,112223,112224,112226,112227,112229,112230,112232,112233,112235,112236,112238,112239,112241,112242,112244,112245,112246,112247,112249,112250,112252,112253,112255,112256,112258,112259,112260,112261,112263,112264,112266,112267,112269,112270,112272,112273,112275,112276,112278,112279,112281,112282,112284,112285,112287,112288,112291,112292,112294,112295,112297,112298,112300,112301,112303,112304,112306,112307,112308,112309,112311,112312,112314,112315,112317,112318,112320,112321,112323,112324,112325,112326,112328,112329,112331,112332,112334,112335,112337,112338,112340,112341,112342,112343,112345,112346,112348,112349,112351,112352,112354,112355,112357,112358,112359,112360,112362,112363,112365,112366,112368,112369,112371,112372,112374,112375,112376,112377,112379,112380,112382,112383,112385,112386,112388,112389,112390,112391,112393,112394,112396,112397,112399,112400,112402,112403,112405,112406,112408,112409,112411,112412,112414,112415,112417,112418,112420,112421,112422,112423,112425,112426,112428,112429,112431,112432,112434,112435,112437,112438,112440,112441,112443,112444,112446,112447,112449,112450,112453,112454,112455,112456,112457,112458,112459,112460,112461,112462,112465,112466,112468,112469,112471,112472,112473,112474,112476,112477,112479,112480,112481,112482,112483,112484,112485,112486,112487,112488,112489,112490,112491,112492,112493,112494,112495,112496,112497,112498,112499,112500,112501,112502,112503,112504,112505,112506,112507,112508,112509,112510,112511,112512,112513,112514,112515,112516,112517,112518,112519,112520,112521,112522,112523,112524,112525,112526,112527,112528,112529,112530,112531,112532,112533,112534,112535,112536,112537,112538,112539,112540,112541,112542,112543,112544,112545,112546,112547,112548,112549,112550,112551,112552,112553,112554,112555,112556,112557,112558,112559,112560,112561,112562,112563,112564,112565,112566,112567,112568,112569,112570,112571,112572,112573,112574,112575,112576,112577,112578,112579,112580,112581,112582,112583,112584,112585,112586,112587,112588,112589,112590,112593,112594,112595,112596,112597,112598,112599,112600,112601,112602,112603,112604,112608,112609,112610,112611,112613,112614,112616,112617,112619,112620,112630,112631,112646,112647,112662
new 10,112662,112664,112665,112694,112695,112724,112725,112752,112753,113690
new 34,113690,114198,114199,114228,114229,114258,114259,114288,114289,114318,114319,114323,114324,114328,114329,114337,114338,114371,114372,114376,114377,114402,114403,114428,114429,114455,114456,114483,114484,114486,114487,114489,114490,114730
new 2,114730,115754
new 2,115754,116778
new 2,116778,117802
new 2,117802,118826
new 108,118826,119050,119051,119063,119064,119070,119071,119077,119078,119087,119088,119094,119095,119128,119129,119163,119164,119194,119195,119226,119227,119263,119264,119299,119300,119305,119306,119311,119312,119316,119317,119346,119347,119377,119378,119406,119407,119436,119437,119445,119446,119454,119455,119463,119464,119472,119473,119475,119476,119481,119482,119487,119488,119498,119499,119519,119520,119541,119542,119562,119563,119583,119584,119586,119587,119596,119597,119606,119607,119616,119617,119627,119628,119636,119637,119645,119646,119654,119655,119663,119664,119689,119690,119693,119694,119696,119697,119711,119712,119726,119727,119741,119742,119756,119757,119761,119762,119766,119767,119795,119796,119823,119824,119851,119852,119878,119879,119903
new 90,119903,119905,119906,119911,119912,119916,119917,119919,119920,119941,119942,119963,119964,119984,119985,120005,120006,120008,120009,120014,120015,120053,120054,120094,120095,120098,120099,120103,120104,120175,120176,120180,120181,120193,120194,120196,120197,120200,120201,120213,120214,120218,120219,120228,120229,120238,120239,120248,120249,120258,120259,120286,120287,120315,120316,120344,120345,120373,120374,120378,120379,120383,120384,120389,120390,120396,120397,120402,120403,120409,120410,120502,120503,120602,120603,120607,120608,120624,120625,120656,120657,120718,120719,120784,120785,120846,120847,120908,120909,120971
new 28,120971,120984,120985,121066,121067,121142,121143,121224,121225,121306,121307,121383,121384,121466,121467,121542,121543,121624,121625,121700,121701,121776,121777,121857,121858,121932,121933,122008
new 32,122008,122014,122015,122096,122097,122172,122173,122255,122256,122331,122332,122333,122334,122336,122337,122345,122346,122366,122367,122372,122373,122374,122375,122376,122377,122402,122403,122770,122771,122828,122829,123047
new 14,123047,123246,123247,123290,123291,123461,123462,123465,123466,123481,123482,123766,123767,124077
new 2,124077,125101
new 8,125101,125483,125484,125540,125541,125874,125875,126128
new 2,126128,127152
new 20,127152,127400,127401,127413,127414,127483,127484,127527,127528,127737,127738,127771,127772,128025,128026,128030,128031,128062,128063,128185
new 4,128185,128199,128200,129210
new 18,129210,129368,129369,129371,129372,129382,129383,129390,129391,129454,129455,129974,129975,129976,129977,130013,130014,130242
new 24,130242,130390,130391,130462,130463,130902,130903,130957,130958,130962,130963,130979,130980,131047,131048,131061,131062,131067,131068,131070,131072,131074,131586,131789
new 2,131789,132813
new 2,132813,133837
new 2,133837,134861
new 122,134861,135209,135210,135237,135238,135239,135240,135266,135267,135268,135269,135296,135297,135298,135299,135311,135312,135313,135314,135322,135323,135324,135325,135329,135330,135331,135332,135338,135339,135340,135341,135342,135343,135344,135345,135347,135348,135349,135350,135359,135360,135361,135362,135363,135364,135365,135366,135367,135368,135369,135370,135371,135372,135373,135374,135452,135453,135454,135455,135456,135457,135458,135459,135460,135461,135462,135463,135464,135465,135466,135467,135469,135470,135471,135472,135473,135474,135475,135476,135512,135513,135514,135515,135551,135552,135553,135554,135555,135556,135557,135558,135559,135560,135561,135562,135563,135564,135566,135567,135569,135570,135571,135572,135573,135574,135575,135576,135577,135578,135579,135580,135581,135582,135583,135584,135585,135586,135587,135588,135589,135590,135945
new 2,135945,136969
new 2,136969,137993
new 2,137993,139017
new 2,139017,140041
new 24,140041,141042,141043,141044,141045,141046,141047,141048,141049,141050,141051,141052,141053,141054,141055,141059,141060,141063,141064,141068,141069,141073,141074,141076
new 230,141076,141078,141079,141080,141081,141082,141083,141084,141085,141088,141089,141090,141091,141092,141093,141094,141095,141096,141097,141098,141099,141100,141101,141102,141103,141104,141105,141106,141107,141108,141109,141110,141111,141112,141113,141114,141115,141116,141117,141118,141119,141120,141121,141122,141123,141124,141125,141126,141127,141128,141129,141130,141131,141132,141133,141134,141135,141136,141137,141138,141139,141140,141141,141142,141143,141144,141145,141146,141147,141148,141149,141150,141151,141152,141153,141154,141155,141156,141157,141158,141159,141160,141161,141162,141163,141164,141165,141166,141167,141171,141172,141177,141178,141179,141180,141181,141182,141183,141184,141185,141186,141187,141188,141189,141190,141191,141192,141210,141211,141214,141215,141225,141226,141239,141240,141331,141332,141336,141337,141415,141416,141427,141428,141446,141447,141448,141449,141450,141451,141452,141453,141454,141455,141457,141458,141461,141462,141463,141464,141466,141467,141474,141475,141476,141477,141478,141479,141481,141482,141483,141484,141492,141493,141498,141499,141508,141509,141511,141512,141514,141515,141517,141518,141522,141523,141528,141529,141531,141532,141533,141534,141538,141539,141540,141541,141543,141544,141546,141547,141557,141558,141559,141560,141561,141562,141563,141564,141569,141570,141587,141588,141591,141592,141593,141594,141717,141718,141719,141720,141721,141722,141723,141724,141725,141726,141729,141730,141731,141732,141792,141793,141794,141795,141796,141797,141798,141799,141806,141807,141808,141809,141845,141846,141877,141878,141914,141915,141963,141964,142214
new 26,142214,142778,142779,142780,142781,142784,142785,142786,142787,142788,142789,142795,142796,142797,142798,142830,142831,142832,142833,142845,142846,142864,142865,142902,142903,143250
new 8,143250,144112,144113,144133,144134,144241,144242,144277
new 18,144277,144305,144306,144307,144308,144318,144319,144326,144327,144342,144343,145154,145155,145166,145167,145197,145198,145309
new 12,145309,145387,145388,145425,145426,146313,146314,146318,146319,146333,146334,146338
new 68,146338,146347,146348,146361,146362,146374,146375,146403,146404,146431,146432,146445,146446,146465,146466,146474,146475,146524,146525,146529,146530,147118,147119,147124,147125,147143,147144,147148,147149,147155,147156,147162,147163,147169,147170,147176,147177,147183,147184,147190,147191,147197,147198,147204,147205,147211,147212,147218,147219,147225,147226,147232,147233,147239,147240,147246,147247,147253,147254,147260,147261,147268,147269,147276,147277,147291,147292,147395
new 2,147395,148419
new 8,148419,148567,148568,148598,148599,148605,148606,149446
new 2,149446,150470
new 2,150470,151494
new 4,151494,152442,152443,152519
new 54,152519,152932,152933,153040,153041,153045,153046,153065,153066,153070,153071,153245,153246,153307,153308,153325,153326,153337,153338,153342,153343,153356,153357,153374,153375,153386,153387,153398,153399,153410,153411,153422,153423,153434,153435,153446,153447,153458,153459,153470,153471,153482,153483,153494,153495,153511,153512,153525,153526,153542,153543,153556,153557,153569
new 162,153569,153573,153574,153587,153588,153604,153605,153618,153619,153635,153636,153649,153650,153654,153655,153668,153669,153682,153683,153696,153697,153713,153714,153730,153731,153748,153749,153760,153761,153772,153773,153784,153785,153796,153797,153808,153809,153820,153821,153832,153833,153844,153845,153856,153857,153868,153869,153885,153886,153899,153900,153916,153917,153930,153931,153947,153948,153961,153962,153978,153979,153992,153993,154009,154010,154023,154024,154028,154029,154042,154043,154056,154057,154070,154071,154087,154088,154104,154105,154121,154122,154138,154139,154155,154156,154172,154173,154189,154190,154207,154208,154219,154220,154231,154232,154243,154244,154255,154256,154267,154268,154279,154280,154291,154292,154303,154304,154315,154316,154327,154328,154344,154345,154361,154362,154378,154379,154395,154396,154412,154413,154430,154431,154442,154443,154454,154455,154466,154467,154478,154479,154490,154491,154502,154503,154514,154515,154526,154527,154538,154539,154550,154551,154564,154565,154578,154579,154592,154593,154606,154607,154620,154621,154625,154626,154639,154640,154653,154654,154667,154668,154673
new 158,154673,154684,154685,154701,154702,154715,154716,154729,154730,154743,154744,154757,154758,154771,154772,154788,154789,154805,154806,154822,154823,154839,154840,154856,154857,154874,154875,154886,154887,154898,154899,154910,154911,154922,154923,154934,154935,154946,154947,154958,154959,154970,154971,154982,154983,154994,154995,155008,155009,155022,155023,155036,155037,155050,155051,155064,155065,155069,155070,155083,155084,155097,155098,155111,155112,155128,155129,155145,155146,155162,155163,155179,155180,155196,155197,155213,155214,155230,155231,155248,155249,155260,155261,155272,155273,155284,155285,155296,155297,155308,155309,155320,155321,155332,155333,155344,155345,155356,155357,155368,155369,155382,155383,155396,155397,155410,155411,155424,155425,155438,155439,155443,155444,155457,155458,155471,155472,155485,155486,155502,155503,155519,155520,155524,155525,155538,155539,155552,155553,155566,155567,155583,155584,155600,155601,155617,155618,155634,155635,155651,155652,155668,155669,155685,155686,155702,155703,155719,155720,155737,155738,155749,155750,155761,155762,155773,155774,155775
new 162,155775,155785,155786,155797,155798,155809,155810,155821,155822,155835,155836,155849,155850,155863,155864,155877,155878,155891,155892,155896,155897,155910,155911,155924,155925,155941,155942,155958,155959,155975,155976,155992,155993,156009,156010,156026,156027,156043,156044,156061,156062,156073,156074,156085,156086,156097,156098,156109,156110,156121,156122,156133,156134,156145,156146,156159,156160,156173,156174,156187,156188,156201,156202,156215,156216,156220,156221,156234,156235,156248,156249,156265,156266,156282,156283,156299,156300,156316,156317,156333,156334,156350,156351,156367,156368,156385,156386,156397,156398,156409,156410,156421,156422,156433,156434,156445,156446,156457,156458,156469,156470,156483,156484,156497,156498,156511,156512,156525,156526,156539,156540,156544,156545,156558,156559,156572,156573,156589,156590,156606,156607,156623,156624,156640,156641,156657,156658,156675,156676,156687,156688,156699,156700,156711,156712,156723,156724,156735,156736,156747,156748,156759,156760,156771,156772,156783,156784,156797,156798,156811,156812,156825,156826,156839,156840,156853,156854,156858,156859,156872,156873,156879
new 82,156879,156886,156887,156903,156904,156920,156921,156937,156938,156954,156955,156971,156972,156988,156989,157005,157006,157023,157024,157035,157036,157047,157048,157059,157060,157071,157072,157083,157084,157095,157096,157107,157108,157119,157120,157131,157132,157145,157146,157159,157160,157173,157174,157187,157188,157201,157202,157206,157207,157220,157221,157234,157235,157251,157252,157268,157269,157379,157380,157443,157444,157448,157449,157473,157474,157488,157489,157498,157499,157543,157544,157576,157577,157587,157588,157646,157647,157662,157663,157739,157740,157943
new 26,157943,158597,158598,158617,158618,158633,158634,158644,158645,158649,158650,158713,158714,158719,158720,158726,158727,158732,158733,158742,158743,158751,158752,158761,158762,158979
new 2,158979,160003
new 4,160003,160857,160858,161028
new 2,161028,162052
new 12,162052,163042,163043,163052,163053,163058,163059,163065,163066,163071,163072,163081
new 64,163081,163082,163083,163105,163106,163162,163163,163181,163182,163234,163235,163262,163263,163268,163269,163313,163314,163392,163393,163417,163418,163476,163477,163507,163508,163514,163515,163529,163530,163633,163634,163638,163639,163652,163653,163737,163738,163752,163753,163757,163758,163764,163765,163789,163790,163797,163798,163804,163805,163810,163811,163818,163819,163825,163826,163832,163833,163838,163840,163842,164001,164003,164515,164806
new 2,164806,165830
new 2,165830,166854
new 2,166854,167878
new 2,167878,168902
new 2,168902,169926
new 2,169926,170950
new 2,170950,171974
new 2,171974,172998
new 4,172998,173175,173176,174023
new 2,174023,175047
new 8,175047,175209,175210,175415,175416,175798,175799,176074
new 2,176074,177098
new 4,177098,177796,177797,178123
new 4,178123,178153,178154,179148
new 2,179148,180172
new 4,180172,180202,180203,181197
new 2,181197,182221
new 2,182221,183245
new 2,183245,184269
new 2,184269,185293
new 2,185293,186317
new 2,186317,187341
new 2,187341,188365
new 2,188365,189389
new 2,189389,190413
new 18,190413,190495,190496,190577,190578,190636,190637,190882,190883,190923,190924,191222,191223,191254,191255,191410,191411,191445
new 2,191445,192469
new 10,192469,192798,192799,192809,192810,192819,192820,192890,192891,193497
new 4,193497,193567,193568,194522
new 2,194522,195546
new 86,195546,195983,195984,195987,195988,195989,195990,195991,195992,195994,195995,195996,195997,196001,196002,196004,196005,196006,196007,196008,196009,196021,196022,196028,196029,196035,196036,196068,196069,196070,196071,196074,196075,196076,196077,196082,196083,196113,196114,196115,196116,196119,196120,196123,196124,196527,196528,196529,196530,196532,196533,196534,196535,196536,196537,196539,196540,196542,196543,196545,196546,196554,196555,196557,196558,196571,196572,196573,196574,196575,196576,196577,196578,196581,196582,196583,196584,196589,196590,196600,196601,196606,196608,196610,197122,197124
new 4,197124,197883,197884,198149
new 2,198149,199173
new 2,199173,200197
new 2,200197,201221
new 2,201221,202245
new 2,202245,203269
new 2,203269,204293
new 2,204293,205317
new 4,205317,206147,206148,206342
new 2,206342,207366
new 2,207366,208390
new 34,208390,208474,208475,208559,208560,208809,208810,208900,208901,208905,208906,208911,208912,208915,208916,209194,209195,209232,209233,209240,209241,209246,209247,209251,209252,209257,209258,209268,209269,209280,209281,209339,209340,209430
new 42,209430,209432,209433,209446,209447,209506,209507,209551,209552,209582,209583,209594,209595,209599,209600,209605,209606,209610,209611,209617,209618,209744,209745,209748,209749,209753,209754,209758,209759,209877,209878,209900,209901,210067,210068,210072,210073,210411,210412,210454,210455,210474
new 14,210474,210509,210510,210973,210974,210976,210977,211019,229376,229378,229537,229539,230051,230529
new 2,230529,231553
new 2,231553,232577
new 2,232577,233601
new 2,233601,234625
new 2,234625,235649
new 2,235649,236673
new 2,236673,237697
new 2,237697,238721
new 2,238721,239745
new 12,239745,240143,240144,240275,240276,240340,240341,240355,240356,240358,240359,240774
new 52,240774,241149,241150,241198,241199,241200,241201,241203,241204,241206,241207,241208,241209,241210,241211,241212,241213,241225,241226,241227,241228,241341,241342,241344,241345,241347,241348,241349,241350,241351,241352,241353,241354,241355,241356,241371,241372,241373,241374,241383,241384,241389,241390,241437,241438,241447,241448,241454,241455,241480,241481,241823
new 36,241823,241833,241834,242006,242007,242012,242013,242021,242022,242033,242034,242043,242044,242050,242051,242059,242060,242104,242105,242109,242110,242115,242116,242120,242121,242125,242126,242130,242131,242310,242311,242315,242316,242765,242766,242864
new 16,242864,243057,243058,243085,243086,243091,243092,243149,243150,243159,243160,243177,243178,243195,243196,243895
new 2,243895,244919
new 2,244919,245943
new 32,245943,246386,246387,246400,246401,246416,246417,246426,246427,246442,246443,246458,246459,246515,246516,246569,246570,246581,246582,246587,246588,246593,246594,246599,246600,246611,246612,246730,246731,246770,246771,246982
new 24,246982,246996,246997,247056,247057,247121,247122,247128,247129,247138,247139,247146,247147,247169,247170,247416,247417,247459,247460,247511,247512,247519,247520,248017
new 4,248017,248226,248227,249042
new 32,249042,249711,249712,249720,249721,249729,249730,249829,249830,249853,249854,249871,249872,249937,249938,249956,249957,249990,249991,249997,249998,250004,250005,250014,250015,250032,250033,250058,250059,250070,250071,250081
new 18,250081,250187,250188,250248,250249,250256,250257,250347,250348,250553,250554,250820,250821,250855,250856,251001,251002,251113
new 24,251113,251194,251195,251201,251202,251243,251244,251267,251268,251328,251329,251339,251340,251514,251515,251521,251522,251729,251730,251817,251818,251910,251911,252148
new 50,252148,252211,252212,252299,252300,252304,252305,252315,252316,252495,252496,252567,252568,252593,252594,252598,252599,252737,252738,252766,252767,252776,252777,252783,252784,252831,252832,252874,252875,252899,252900,252935,252936,252941,252942,252957,252958,252966,252967,253096,253097,253105,253106,253113,253114,253132,253133,253144,253145,253196
new 20,253196,253245,253246,253251,253252,253260,253261,253338,253339,253346,253347,253474,253475,253893,253894,254206,254207,254215,254216,254229
new 68,254229,254233,254234,254268,254269,254337,254338,254353,254354,254369,254370,254412,254413,254441,254442,254446,254447,254469,254470,254478,254479,254485,254486,254561,254562,254567,254568,254572,254573,254659,254660,254695,254696,254709,254710,254715,254716,254739,254740,254752,254753,254788,254789,254805,254806,254818,254819,254843,254844,254876,254877,254886,254887,255086,255087,255171,255172,255179,255180,255197,255198,255205,255206,255214,255215,255234,255235,255286
new 50,255286,255382,255383,255394,255395,255403,255404,255409,255410,255435,255436,255451,255452,255478,255479,255503,255504,255529,255530,255548,255549,255574,255575,255580,255581,255589,255590,255600,255601,255611,255612,255617,255618,255625,255626,255634,255635,255640,255641,255661,255662,255707,255708,255721,255722,255778,255779,255797,255798,256334
new 10,256334,257020,257021,257026,257027,257033,257034,257055,257056,257362
new 16,257362,258230,258231,258241,258242,258279,258280,258318,258319,258323,258324,258331,258332,258337,258338,258393
new 50,258393,258510,258511,258539,258540,258545,258546,258558,258559,258564,258565,258578,258579,258593,258594,258610,258611,258616,258617,258633,258634,258645,258646,258658,258659,258680,258681,258686,258687,258693,258694,258709,258710,258723,258724,258757,258758,258776,258777,258803,258804,258809,258810,258814,258815,258819,258820,258824,258825,259441
new 24,259441,259799,259800,259806,259807,259834,259835,259841,259842,259928,259929,259940,259941,259957,259958,259975,259976,259985,259986,260110,260111,260151,260152,260476
new 54,260476,260533,260534,260550,260551,260561,260562,260566,260567,260602,260603,260608,260609,260650,260651,260702,260703,260780,260781,260865,260866,260897,260898,260918,260919,260965,260966,261074,261075,261177,261178,261216,261217,261224,261225,261235,261236,261356,261357,261376,261377,261411,261412,261443,261444,261485,261486,261495,261496,261503,261504,261512,261513,261526
new 60,261526,261623,261624,261754,261755,261804,261805,261811,261812,261817,261818,261824,261825,261906,261907,261912,261913,261919,261920,261924,261925,261935,261936,261944,261945,261953,261954,261960,261961,261973,261974,261997,261998,262020,262021,262027,262028,262054,262055,262085,262086,262107,262108,262131,262132,262137,262138,262139,262140,262141,262144,262146,262658,263078,294912,294914,295073,295075,295587,295594
new 68,295594,295793,295794,296037,296038,296044,296045,296105,296106,296154,296155,296161,296162,296353,296354,296376,296377,296384,296385,296405,296406,296415,296416,296421,296422,296427,296428,296433,296434,296445,296446,296452,296453,296458,296459,296471,296472,296477,296478,296480,296481,296482,296483,296484,296485,296486,296487,296507,296508,296509,296510,296519,296520,296523,296524,296578,296579,296590,296591,296597,296598,296633,296634,296637,296638,296647,296648,296651
new 36,296651,296661,296662,296708,296709,296718,296719,296723,296724,296732,296733,296751,296752,296815,296816,296818,296819,296823,296824,296827,296828,296831,296832,296834,296835,296984,296985,296988,296989,297590,297591,297626,297627,297632,297633,297692
new 10,297692,297745,297746,297756,297757,297779,297780,297802,297803,298720
new 2,298720,299744
new 2,299744,300768
new 2,300768,301792
new 4,301792,302814,302815,302817
new 32,302817,302830,302831,302848,302849,302858,302859,302876,302877,302894,302895,302960,302961,303025,303026,303030,303031,303035,303036,303040,303041,303054,303055,303306,303307,303363,303364,303750,303751,303836,303837,303856
new 20,303856,303924,303925,303935,303936,303942,303943,303970,303971,304386,304387,304446,304447,304523,304524,304530,304531,304536,304537,304889
new 6,304889,305571,305572,305609,305610,305915
new 2,305915,306939
new 26,306939,307547,307548,307554,307555,307564,307565,307706,307707,307740,307741,307764,307765,307868,307869,307897,307898,307933,307934,307940,307941,307947,307948,307964,307965,307975
new 18,307975,307985,307986,307990,307991,308004,308005,308145,308146,308232,308233,308239,308240,308364,308365,308848,308849,309007
new 10,309007,309397,309398,309658,309659,309928,309929,309935,309936,310035
new 18,310035,310037,310038,310071,310072,310160,310161,310171,310172,310426,310427,310727,310728,310822,310823,310922,310923,311067
new 38,311067,311235,311236,311241,311242,311245,311246,311284,311285,311289,311290,311596,311597,311600,311601,311709,311710,311742,311743,311746,311747,311753,311754,311756,311757,311962,311963,312004,312005,312017,312018,312023,312024,312090,312091,312104,312105,312109
new 64,312109,312165,312166,312206,312207,312220,312221,312225,312226,312235,312236,312242,312243,312253,312254,312259,312260,312322,312323,312344,312345,312352,312353,312358,312359,312407,312408,312412,312413,312432,312433,312490,312491,312496,312497,312563,312564,312574,312575,312711,312712,312767,312768,312775,312776,312782,312783,312812,312813,312826,312827,312982,312983,312986,312987,312996,312997,313095,313096,313103,313104,313109,313110,313164
new 6,313164,313319,313320,313914,313915,314190
new 38,314190,314336,314337,314346,314347,314370,314371,314416,314417,314518,314519,314537,314538,314548,314549,314569,314570,314635,314636,314680,314681,314965,314966,314970,314971,314976,314977,315063,315064,315067,315068,315088,315089,315092,315093,315198,315199,315232
new 42,315232,315247,315248,315267,315268,315272,315273,315303,315304,315335,315336,315350,315351,315357,315358,315401,315402,315420,315421,315425,315426,315445,315446,315490,315491,315550,315551,315560,315561,315862,315863,316001,316002,316026,316027,316053,316054,316256,316257,316268,316269,316276
new 48,316276,316277,316278,316281,316282,316320,316321,316355,316356,316392,316393,316397,316398,316407,316408,316419,316420,316432,316433,316519,316520,316524,316525,316538,316539,316562,316563,316570,316571,316579,316580,316583,316584,316591,316592,316622,316623,316701,316702,316768,316769,316781,316782,316861,316862,316886,316887,317323
new 2,317323,318347
new 12,318347,319122,319123,319126,319127,319132,319133,319166,319167,319177,319178,319376
new 2,319376,320400
new 60,320400,320607,320608,320621,320622,320676,320677,320741,320742,320745,320746,320752,320753,320756,320757,320760,320761,321016,321017,321053,321054,321057,321058,321071,321072,321087,321088,321106,321107,321128,321129,321132,321133,321153,321154,321166,321167,321198,321199,321202,321203,321208,321209,321235,321236,321258,321259,321331,321332,321357,321358,321398,321399,321403,321404,321406,321407,321410,321411,321453
new 2,321453,322477
new 22,322477,323022,323023,323029,323030,323065,323066,323074,323075,323169,323170,323184,323185,323206,323207,323229,323230,323238,323239,323246,323247,323511
new 24,323511,323527,323528,323695,323696,323758,323759,324317,324318,324340,324341,324352,324353,324356,324357,324403,324404,324407,324408,324455,324456,324522,324523,324546
new 28,324546,324678,324679,324860,324861,324916,324917,324955,324956,325007,325008,325139,325140,325263,325264,325310,325311,325318,325319,325335,325336,325481,325482,325503,325504,325547,325548,325583
new 54,325583,325590,325591,325639,325640,325647,325648,325655,325656,325664,325665,325798,325799,325970,325971,326033,326034,326039,326040,326043,326044,326049,326050,326188,326189,326192,326193,326197,326198,326201,326202,326213,326214,326221,326222,326230,326231,326235,326236,326253,326254,326259,326260,326357,326358,326388,326389,326419,326420,326425,326426,326460,326461,326633
new 36,326633,326714,326715,326749,326750,326782,326783,327071,327072,327075,327076,327080,327081,327166,327167,327237,327238,327244,327245,327588,327589,327614,327615,327616,327617,327624,327625,327649,327650,327656,327657,327660,327661,327665,327666,327674
new 8,327674,327678,327680,327682,328194,329080,329081,329213
new 14,329213,329535,329536,329692,329693,329801,329802,329945,329946,330047,330048,330238,330239,330243
new 18,330243,330398,330399,330462,330463,330611,330612,330816,330817,330911,330912,331066,331067,331129,331130,331132,331133,331275
new 2,331275,332299
new 2,332299,333323
new 2,333323,334347
new 2,334347,335371
new 6,335371,335957,335958,336181,336182,336397
new 118,336397,336487,336488,336523,336524,336608,336609,336620,336621,336627,336628,336634,336635,336641,336642,336650,336651,336657,336658,336663,336664,336669,336670,336679,336680,336686,336687,336693,336694,336700,336701,336707,336708,336714,336715,336725,336726,336736,336737,336745,336746,336752,336753,336761,336762,336775,336776,336784,336785,336792,336793,336806,336807,336814,336815,336827,336828,336840,336841,336851,336852,336863,336864,336870,336871,336876,336877,336906,336907,336916,336917,336946,336947,336956,336957,336983,336984,337010,337011,337037,337038,337064,337065,337076,337077,337084,337085,337091,337092,337117,337118,337143,337144,337153,337154,337163,337164,337189,337190,337199,337200,337225,337226,337251,337252,337261,337262,337271,337272,337281,337282,337289,337290,337296,337297,337312,337313,337479
new 24,337479,337925,337926,337932,337933,337947,337948,337983,337984,338028,338029,338045,338046,338051,338052,338056,338057,338063,338064,338069,338070,338499,338500,338514
new 60,338514,338517,338518,338952,338953,339118,339119,339160,339161,339172,339173,339179,339180,339196,339197,339219,339220,339267,339268,339279,339280,339286,339287,339301,339302,339304,339305,339313,339314,339320,339321,339347,339348,339366,339367,339402,339403,339441,339442,339446,339447,339502,339503,339505,339506,339513,339514,339521,339522,339538,339539,339545,339546,339552,339553,339557,339558,339562,339563,339567
new 30,339567,339600,339601,339799,339800,339807,339808,339813,339814,339994,339995,340031,340032,340039,340040,340069,340070,340209,340210,340229,340230,340254,340255,340265,340266,340267,340268,340279,340280,340605
new 50,340605,340627,340628,340629,340630,340631,340632,340646,340647,340656,340657,340875,340876,340969,340970,340992,340993,341001,341002,341025,341026,341035,341036,341072,341073,341082,341083,341088,341089,341144,341145,341146,341147,341194,341195,341244,341245,341295,341296,341297,341298,341299,341300,341314,341315,341340,341341,341392,341393,341653
new 2,341653,342677
new 22,342677,343182,343183,343211,343212,343384,343385,343479,343480,343481,343482,343491,343492,343499,343500,343504,343505,343516,343517,343523,343524,343711
new 2,343711,344735
new 26,344735,344768,344769,344815,344816,344831,344832,344888,344889,344902,344903,345030,345031,345436,345437,345559,345560,345604,345605,345644,345645,345669,345670,345678,345679,345771
new 50,345771,345874,345875,346080,346081,346091,346092,346112,346113,346122,346123,346284,346285,346289,346290,346320,346321,346325,346326,346367,346368,346631,346632,346657,346658,346666,346667,346734,346735,346739,346740,346743,346744,346746,346747,346750,346751,346772,346773,346775,346776,346782,346783,346789,346790,346797,346798,346815,346816,346819
new 12,346820,346849,346850,346896,346897,346962,346963,347003,347004,347009,347010,347849
new 2,347849,348873
new 2,348873,349897
new 4,349897,350667,350668,350922
new 30,350922,351150,351151,351252,351253,351255,351256,351259,351260,351445,351446,351547,351548,351681,351682,351772,351773,351775,351776,351782,351783,351860,351861,351893,351894,351935,351936,351952,351953,351960
new 44,351960,351961,351962,352015,352016,352053,352054,352064,352065,352070,352071,352075,352076,352169,352170,352190,352191,352215,352216,352234,352235,352246,352247,352269,352270,352282,352283,352296,352297,352372,352373,352377,352378,352383,352384,352388,352389,352396,352397,352487,352488,352508,352509,353005
new 2,353005,354029
new 2,354029,355053
new 4,355053,355608,355609,356078
new 2,356078,357102
new 2,357102,358126
new 24,358126,358840,358841,358847,358848,358989,358990,359015,359016,359087,359088,359098,359099,359103,359104,359109,359110,359119,359120,359125,359126,359153,359154,359161
new 100,359161,359176,359177,359197,359198,359215,359216,359221,359222,359227,359228,359249,359250,359283,359284,359356,359357,359369,359370,359375,359376,359393,359394,359396,359397,359405,359406,359411,359412,359462,359463,359466,359467,359480,359481,359495,359496,359498,359499,359504,359505,359571,359572,359574,359575,359582,359583,359589,359590,359596,359597,359602,359603,359626,359627,359631,359632,359636,359637,359639,359640,359643,359644,359679,359680,359843,359844,359846,359847,359854,359855,359858,359859,359862,359863,359889,359890,359897,359898,359901,359902,359930,359931,360114,360115,360124,360125,360127,360128,360132,360133,360159,360160,360161,360162,360176,360177,360182,360183,360234
new 36,360234,360257,360258,360262,360263,360264,360265,360396,360397,360403,360404,360408,360409,360436,360437,360441,360442,360445,360448,360450,393216,393218,425984,425986,458752,458754,491520,491522,524288,524290,557056,557058,589824,589826,622592,622594
zero 476,10915,10916,10918,10919,10920,10921,10922,10923,10924,10925,10926,10927,12502,12503,12504,12505,12506,12507,12514,12515,12516,12517,12527,12528,12529,12530,13331,13332,13333,13334,13335,13336,13337,13338,13404,13405,13406,13407,13408,13409,13410,13411,13415,13416,13417,13418,13423,13424,13425,13426,14172,14173,14174,14175,14807,14808,14809,14810,14828,14829,14830,14831,14923,14924,14925,14926,14928,14929,14930,14931,16528,16529,16530,16531,16565,16566,16567,16568,16627,16628,16629,16630,16679,16680,16681,16682,17954,17955,17956,17957,17958,17959,17960,17961,19653,19654,19655,19656,19753,19754,19755,19756,20121,20122,20123,20124,20129,20130,20131,20132,20420,20421,20422,20423,20451,20452,20453,20454,32252,32253,32254,32255,32256,32257,32258,32259,32531,32532,32533,32534,32535,32536,32537,32538,32539,32540,32542,32543,32544,32545,32546,32547,32548,32549,32670,32671,32672,32673,32679,32680,32681,32682,32683,32684,32685,32686,32694,32695,32696,32697,32698,32699,32700,32701,32702,32703,32721,32722,32723,32724,32747,32748,32749,32750,32751,32752,32753,32754,32755,32756,32757,32758,32759,32760,32762,32763,32764,32765,32766,32768,32770,32929,32931,33443,61745,61746,61748,61749,61752,61753,61754,61755,61761,61762,61768,61769,61814,61815,61816,61817,61818,61819,61824,61825,61835,61836,61843,61844,61850,61851,61863,61864,61870,61871,61876,61877,61878,61879,61894,61895,61905,61906,61915,61916,61919,61920,61924,61925,61926,61927,61930,61931,61935,61936,61941,61942,61957,61958,61966,61967,61972,61973,61976,61977,61978,61979,62105,62106,62112,62113,62118,62119,62131,62132,62146,62147,62183,62184,62203,62204,62206,62207,62257,62258,62259,62260,62267,62268,62286,62287,62345,62346,62352,62353,62407,62408,62422,62423,62439,62440,62443,62444,62473,62474,62481,62482,62499,62500,62509,62510,62527,62528,62538,62539,62685,62686,62892,62893,62926,62927,62931,62932,62969,62970,62971,62972,63136,63137,63149,63150,63160,63161,63167,63168,63169,63170,63204,63205,63208,63209,63251,63252,63285,63286,63287,63288,63289,63290,63333,63334,63400,63401,63502,63503,63626,63627,63630,63631,63730,63731,63734,63735,63799,63800,63832,63833,63837,63838,63848,63849,63856,63857,64079,64080,64239,64240,64514,64515,64520,64521,64542,64543,64553,64554,64582,64583,64585,64586,64595,64596,64600,64601,64608,64609,64820,64821,64822,64823,64828,64829,64836,64837,64842,64843,64848,64849,64856,64857,64863,64864,64873,64874,64888,64889,64896,64897,64903,64904,64922,64923,64930,64931,64932,64933,64938,64939,64953,64954,64961,64962,64969,64970,64973,64974,65049,65050,65216,65217,65269,65270,65290,65291,65302,65303,65314,65315,65316,65317,65320,65321,65332,65333,65342,65343,65410,65411,65420,65421,65458,65459,65463,65464,65467,65468,65471,65472,65485,65486,65489,65490,65491,65492,65504,65505,65511,65512,65516,65517,65525,65526,65530,65531,65534,65536,65538,65654
zero 778,65654,66050,66056,66057,66060,66061,66073,66074,66078,66079,66080,66081,66082,66083,66084,66085,66089,66090,66092,66093,66099,66100,66103,66104,66107,66108,66137,66138,66151,66152,66176,66177,66203,66204,66240,66241,66267,66268,66312,66313,66330,66331,66342,66343,66371,66372,66384,66385,66409,66410,66411,66412,66415,66416,66418,66419,66421,66422,66425,66426,66429,66430,66437,66438,66440,66441,66445,66446,66461,66462,66471,66472,66476,66477,66482,66483,66487,66488,66493,66494,66497,66498,66502,66503,66512,66513,66517,66518,66528,66529,66536,66537,66542,66543,66546,66547,66550,66551,66578,66579,66593,66594,66599,66600,66604,66605,66608,66609,66614,66615,66619,66620,66630,66631,66635,66636,66643,66644,66647,66648,66653,66654,66660,66661,66664,66665,66675,66676,66678,66679,66684,66685,66689,66690,66701,66702,66712,66713,66728,66729,66732,66733,66737,66738,66741,66742,66747,66748,66753,66754,66762,66763,66768,66769,66773,66774,66776,66777,66783,66784,66790,66791,66800,66801,66807,66808,66812,66813,66820,66821,66845,66846,66852,66853,66859,66860,66870,66871,66874,66875,66881,66882,66888,66889,66892,66893,66907,66908,66918,66919,66922,66923,66934,66935,66938,66939,66949,66950,66955,66956,66964,66965,66971,66972,66980,66981,66986,66987,66994,66995,66999,67000,67004,67005,67010,67011,67016,67017,67024,67025,67032,67033,67036,67037,67038,67039,67046,67047,67053,67054,67110,67111,67118,67119,67128,67129,67136,67137,67145,67146,67158,67159,67170,67171,67181,67182,67357,67358,67370,67371,67379,67380,67390,67391,67491,67492,67502,67503,67511,67512,67520,67521,67525,67526,67533,67534,67544,67545,67555,67556,67566,67567,67618,67619,67627,67628,67921,67922,67930,67931,67946,67947,68031,68032,68045,68046,68054,68055,68098,68099,68112,68113,68129,68130,68139,68140,68148,68149,68177,68178,68190,68191,68201,68202,68215,68216,68250,68251,68261,68262,68273,68274,68288,68289,68300,68301,68318,68319,68373,68374,68380,68381,68385,68386,68427,68428,68438,68439,68448,68449,68477,68478,68506,68507,68518,68519,68529,68530,68537,68538,68549,68550,68561,68562,68566,68567,68576,68577,68587,68588,68595,68596,68710,68711,68719,68720,68734,68735,68745,68746,68768,68769,68827,68828,68857,68858,68872,68873,69027,69028,69072,69073,69153,69154,69167,69168,69183,69184,69199,69200,69206,69207,69220,69221,69232,69233,69245,69246,69299,69300,69308,69309,69320,69321,69331,69332,69359,69360,69438,69439,69488,69489,69500,69501,69510,69511,69521,69522,69533,69534,69542,69543,69565,69566,69573,69574,69584,69585,69594,69595,69613,69614,69657,69658,69667,69668,69680,69681,69848,69849,69965,69966,69973,69974,70035,70036,70082,70083,70091,70092,70097,70098,70106,70107,70255,70256,70276,70277,70278,70279,70281,70282,70284,70285,70287,70288,70291,70292,70294,70295,70297,70298,70300,70301,70304,70305,70309,70310,70312,70313,70316,70317,70319,70320,70322,70323,70325,70326,70329,70330,70332,70333,70336,70337,71118,71119,71120,71121,71122,71123,71375,71376,71377,71378,71436,71437,71438,71439,71480,71481,71482,71483,71539,71540,71541,71542,71543,71544,71545,71546,72748,72749,72750,72751,72780,72781,72782,72783,72816,72817,72818,72819,72905,72906,72907,72908,72913,72914,72915,72916,72955,72956,72957,72958,73541,73542,73543,73544,75237,75238,75239,75240,75376,75377,75378,75379,75381,75382,75383,75384,75390,75391,75392,75393,75394,75395,75396,75397,77620,77621,77622,77623,78036,78037,78038,78039,78191,78192,78193,78194,79056,79057,79058,79059,79062,79063,79064,79065,79067,79068,79069,79070,79082,79083,79084,79085,79184,79185,79186,79187,79188,79189,79190,79191,79197,79198,79199,79200,81299,81300,81301,81302,81303,81304,81305,81306,81361,81362,81363,81364,81392,81393,81394,81395,81609,81610,81611,81612,81653,81654,81655,81656,81671,81672,81673,81674,81706,81707,81708,81709,81710,81711,81712,81713,81767,81768,81769,81770,81824,81825,81826,81827,82843,82844,82845,82846,82989,82990,82991,82992,82997,82998,82999,83000,84250,84251,84252,84253,84255,84256,84257,84258,84261,84262,84263,84264,84551,84552,84553,84554,93476,93477,93478,93479,93522,93523,93524,93525,93528,93529,93530,93531,93589,93590,93591,93592,95110,95111,95112,95113,95123,95124,95125,95126,96069,96070,96071,96072,96073,96074,97898,97899,97900,97901,97902,97903,97957,97958,97959,97960,97984,97985,97986,97987,97988,97989,98010,98011,98012,98013,98039,98040,98041,98042,98072,98073,98074,98075,98106,98107,98108,98109,98110,98111,98251,98252,98253,98254,98260,98261,98262,98263,98264,98265,98266,98267,98268,98269,98270,98271,98272,98273,98274,98275,98276,98277,98278,98279,98280,98281,98282,98283,98284,98285,98286,98287,98288,98289,98298,98299,98300,98301,98302,98304,98306,98465,98467,98549
zero 1190,98549,98979,101251,101252,102172,102173,102809,102810,102981,102982,103011,103012,103053,103054,103203,103204,103211,103212,103218,103219,103220,103221,103864,103865,103866,103867,103870,103871,103872,103873,103877,103878,103879,103880,103883,103884,103885,103886,105783,105784,105785,105786,105788,105789,105790,105791,105860,105861,105869,105870,105874,105875,105903,105904,105912,105913,105919,105920,106043,106044,106047,106048,106053,106054,106059,106060,106061,106062,106080,106081,106128,106129,106208,106209,106210,106211,106228,106229,106277,106278,106293,106294,106358,106359,106360,106361,106365,106366,106368,106369,106370,106371,106396,106397,106398,106399,106420,106421,106429,106430,106434,106435,106466,106467,106578,106579,106583,106584,106588,106589,106594,106595,106606,106607,106613,106614,106616,106617,106636,106637,106641,106642,106831,106832,106837,106838,106839,106840,106875,106876,107330,107331,107596,107597,107621,107622,107624,107625,107626,107627,107628,107629,107682,107683,107684,107685,107686,107687,107689,107690,107691,107692,107693,107694,107695,107696,107697,107698,107715,107716,107721,107722,107724,107725,107801,107802,107803,107804,107841,107842,107960,107961,107962,107963,107980,107981,107986,107987,107989,107990,108066,108067,108068,108069,108107,108108,108227,108228,108229,108230,108247,108248,108253,108254,108256,108257,108342,108343,108344,108345,108385,108386,108494,108495,108496,108497,108514,108515,108520,108521,108523,108524,108601,108602,108603,108604,108642,108643,108762,108763,108764,108765,108782,108783,108788,108789,108791,108792,108870,108871,108872,108873,108911,108912,109032,109033,109178,109179,109181,109182,109183,109184,109186,109187,109190,109191,109192,109193,109194,109195,109196,109197,109198,109199,109200,109201,109202,109203,109204,109205,109206,109207,109208,109209,109214,109215,109216,109217,109218,109219,109222,109223,109226,109227,109230,109231,109234,109235,109236,109237,109240,109241,109244,109245,109248,109249,109252,109253,109256,109257,109258,109259,109262,109263,109266,109267,109270,109271,109274,109275,109278,109279,109282,109283,109366,109367,109368,109369,109375,109376,109390,109391,109395,109396,109397,109398,109399,109400,109401,109402,109403,109404,109405,109406,109411,109412,109413,109414,109451,109452,109454,109455,109469,109470,109484,109485,109489,109490,109495,109496,109500,109501,109505,109506,109510,109511,109515,109516,109520,109521,109525,109526,109530,109531,109535,109536,109537,109538,109540,109541,109591,109592,109618,109619,109621,109622,109623,109624,109626,109627,109844,109845,109853,109854,109855,109856,110083,110084,110086,110087,110088,110089,110091,110092,110332,110333,110335,110336,110337,110338,110582,110583,110585,110586,110587,110588,110589,110590,110593,110594,110602,110603,110606,110607,110608,110609,110614,110615,110616,110617,110618,110619,110620,110621,110622,110623,110624,110625,110636,110637,110638,110639,110640,110641,110643,110644,110645,110646,110647,110648,110649,110650,110651,110652,110653,110654,110655,110656,110657,110658,110659,110660,110661,110662,110663,110664,110665,110666,110667,110668,110669,110670,110671,110672,110673,110674,110675,110676,110677,110678,110679,110680,110681,110682,110683,110684,110685,110686,110687,110688,110689,110690,110691,110692,110693,110694,110695,110696,110697,110698,110699,110700,110701,110702,110703,110704,110705,110706,110707,110708,110709,110710,110713,110714,110716,110717,110718,110719,110720,110721,110726,110727,110729,110730,110732,110733,110734,110735,110737,110738,110740,110741,110748,110749,110770,110771,110772,110773,110774,110775,110776,110777,110778,110779,110780,110781,110782,110783,110784,110785,110786,110787,110788,110789,110790,110791,110792,110793,110794,110795,110796,110797,110799,110800,110801,110802,110803,110804,110805,110806,110807,110808,110809,110810,110811,110812,110813,110814,110815,110816,110817,110818,110819,110820,110821,110822,110823,110824,110826,110827,110828,110829,110830,110831,110832,110833,110834,110835,110836,110837,110838,110839,110840,110841,110842,110843,110844,110845,110846,110847,110848,110849,110850,110851,110852,110853,110854,110855,110856,110857,110858,110859,110860,110861,110862,110863,110864,110865,110866,110867,110868,110869,110870,110871,110872,110873,110874,110875,110876,110877,110878,110879,110880,110881,110882,110883,110884,110885,110886,110887,110888,110889,110890,110891,110892,110893,110894,110895,110896,110897,110898,110899,110900,110901,110902,110903,110904,110905,110906,110907,110908,110909,110910,110911,110912,110913,110914,110915,110916,110917,110918,110919,110920,110921,110922,110923,110924,110925,110926,110927,110928,110929,110930,110931,110932,110933,110934,110935,110936,110937,110938,110939,110940,110941,110942,110943,110944,110945,110946,110947,110948,110949,110950,110951,110952,110953,110954,110955,110957,110958,110959,110960,110961,110962,110963,110964,110965,110966,110967,110968,110969,110970,110971,110972,110973,110974,110975,110976,110977,110978,110979,110980,110981,110982,110983,110984,110985,110986,110989,110990,110991,110992,110993,110994,110995,110996,110997,110998,111048,111049,111050,111051,111054,111055,111093,111094,111095,111096,111977,111978,111979,111980,111982,111983,111984,111985,111986,111987,111988,111989,111990,111991,111992,111993,111995,111996,111998,111999,112001,112002,112004,112005,112006,112007,112009,112010,112012,112013,112015,112016,112017,112018,112020,112021,112023,112024,112026,112027,112029,112030,112032,112033,112035,112036,112038,112039,112041,112042,112044,112045,112047,112048,112050,112051,112053,112054,112057,112058,112060,112061,112063,112064,112066,112067,112069,112070,112072,112073,112074,112075,112076,112077,112079,112080,112082,112083,112086,112087,112090,112091,112093,112094,112096,112097,112099,112100,112102,112103,112105,112106,112108,112109,112111,112112,112114,112115,112117,112118,112121,112122,112124,112125,112127,112128,112130,112131,112133,112134,112136,112137,112139,112140,112142,112143,112145,112146,112148,112149,112151,112152,112154,112155,112157,112158,112159,112160,112162,112163,112165,112166,112168,112169,112171,112172,112174,112175,112176,112177,112179,112180,112182,112183,112185,112186,112188,112189,112191,112192,112194,112195,112197,112198,112199,112200,112202,112203,112205,112206,112208,112209,112211,112212,112214,112215,112217,112218,112220,112221,112223,112224,112226,112227,112229,112230,112232,112233,112235,112236,112238,112239,112241,112242,112244,112245,112246,112247,112249,112250,112252,112253,112255,112256,112258,112259,112260,112261,112263,112264,112266,112267,112269,112270,112272,112273,112275,112276,112278,112279,112281,112282,112284,112285,112287,112288,112291,112292,112294,112295,112297,112298,112300,112301,112303,112304,112306,112307,112308,112309,112311,112312,112314,112315,112317,112318,112320,112321,112323,112324,112325,112326,112328,112329,112331,112332,112334,112335,112337,112338,112340,112341,112342,112343,112345,112346,112348,112349,112351,112352,112354,112355,112357,112358,112359,112360,112362,112363,112365,112366,112368,112369,112371,112372,112374,112375,112376,112377,112379,112380,112382,112383,112385,112386,112388,112389,112390,112391,112393,112394,112396,112397,112399,112400,112402,112403,112405,112406,112408,112409,112411,112412,112414,112415,112417,112418,112420,112421,112422,112423,112425,112426,112428,112429,112431,112432,112434,112435,112437,112438,112440,112441,112443,112444,112446,112447,112449,112450,112453,112454,112455,112456,112457,112458,112459,112460,112461,112462,112465,112466,112468,112469,112471,112472,112473,112474,112476,112477,112479,112480,112481,112482,112483,112484,112485,112486,112487,112488,112489,112490,112491,112492,112493,112494,112495,112496,112497,112498,112499,112500,112501,112502,112503,112504,112505,112506,112507,112508,112509,112510,112511,112512,112513,112514,112515,112516,112517,112518,112519,112520,112521,112522,112523,112524,112525,112526,112527,112528,112529,112530,112531,112532,112533,112534,112535,112536,112537,112538,112539,112540,112541,112542,112543,112544,112545,112546,112547,112548,112549,112550,112551,112552,112553,112554,112555,112556,112557,112558,112559,112560,112561,112562,112563,112564,112565,112566,112567,112568,112569,112570,112571,112572
zero 1024,112573,112574,112575,112576,112577,112578,112579,112580,112581,112582,112583,112584,112585,112586,112587,112588,112589,112590,112593,112594,112595,112596,112597,112598,112599,112600,112601,112602,112603,112604,112608,112609,112610,112611,112613,112614,112616,112617,112619,112620,112630,112631,112646,112647,112664,112665,112694,112695,112724,112725,112752,112753,114198,114199,114228,114229,114258,114259,114288,114289,114318,114319,114323,114324,114328,114329,114337,114338,114371,114372,114376,114377,114402,114403,114428,114429,114455,114456,114483,114484,114486,114487,114489,114490,119050,119051,119063,119064,119070,119071,119077,119078,119087,119088,119094,119095,119128,119129,119163,119164,119194,119195,119226,119227,119263,119264,119299,119300,119305,119306,119311,119312,119316,119317,119346,119347,119377,119378,119406,119407,119436,119437,119445,119446,119454,119455,119463,119464,119472,119473,119475,119476,119481,119482,119487,119488,119498,119499,119519,119520,119541,119542,119562,119563,119583,119584,119586,119587,119596,119597,119606,119607,119616,119617,119627,119628,119636,119637,119645,119646,119654,119655,119663,119664,119689,119690,119693,119694,119696,119697,119711,119712,119726,119727,119741,119742,119756,119757,119761,119762,119766,119767,119795,119796,119823,119824,119851,119852,119878,119879,119905,119906,119911,119912,119916,119917,119919,119920,119941,119942,119963,119964,119984,119985,120005,120006,120008,120009,120014,120015,120053,120054,120094,120095,120098,120099,120103,120104,120175,120176,120180,120181,120193,120194,120196,120197,120200,120201,120213,120214,120218,120219,120228,120229,120238,120239,120248,120249,120258,120259,120286,120287,120315,120316,120344,120345,120373,120374,120378,120379,120383,120384,120389,120390,120396,120397,120402,120403,120409,120410,120502,120503,120602,120603,120607,120608,120624,120625,120656,120657,120718,120719,120784,120785,120846,120847,120908,120909,120984,120985,121066,121067,121142,121143,121224,121225,121306,121307,121383,121384,121466,121467,121542,121543,121624,121625,121700,121701,121776,121777,121857,121858,121932,121933,122014,122015,122096,122097,122172,122173,122255,122256,122331,122332,122333,122334,122336,122337,122345,122346,122366,122367,122372,122373,122374,122375,122376,122377,122402,122403,122770,122771,122828,122829,123246,123247,123290,123291,123461,123462,123465,123466,123481,123482,123766,123767,125483,125484,125540,125541,125874,125875,127400,127401,127413,127414,127483,127484,127527,127528,127737,127738,127771,127772,128025,128026,128030,128031,128062,128063,128199,128200,129368,129369,129371,129372,129382,129383,129390,129391,129454,129455,129974,129975,129976,129977,130013,130014,130390,130391,130462,130463,130902,130903,130957,130958,130962,130963,130979,130980,131047,131048,131061,131062,131067,131068,131070,131072,131074,131586,135209,135210,135237,135238,135239,135240,135266,135267,135268,135269,135296,135297,135298,135299,135311,135312,135313,135314,135322,135323,135324,135325,135329,135330,135331,135332,135338,135339,135340,135341,135342,135343,135344,135345,135347,135348,135349,135350,135359,135360,135361,135362,135363,135364,135365,135366,135367,135368,135369,135370,135371,135372,135373,135374,135452,135453,135454,135455,135456,135457,135458,135459,135460,135461,135462,135463,135464,135465,135466,135467,135469,135470,135471,135472,135473,135474,135475,135476,135512,135513,135514,135515,135551,135552,135553,135554,135555,135556,135557,135558,135559,135560,135561,135562,135563,135564,135566,135567,135569,135570,135571,135572,135573,135574,135575,135576,135577,135578,135579,135580,135581,135582,135583,135584,135585,135586,135587,135588,135589,135590,141042,141043,141044,141045,141046,141047,141048,141049,141050,141051,141052,141053,141054,141055,141059,141060,141063,141064,141068,141069,141073,141074,141078,141079,141080,141081,141082,141083,141084,141085,141088,141089,141090,141091,141092,141093,141094,141095,141096,141097,141098,141099,141100,141101,141102,141103,141104,141105,141106,141107,141108,141109,141110,141111,141112,141113,141114,141115,141116,141117,141118,141119,141120,141121,141122,141123,141124,141125,141126,141127,141128,141129,141130,141131,141132,141133,141134,141135,141136,141137,141138,141139,141140,141141,141142,141143,141144,141145,141146,141147,141148,141149,141150,141151,141152,141153,141154,141155,141156,141157,141158,141159,141160,141161,141162,141163,141164,141165,141166,141167,141171,141172,141177,141178,141179,141180,141181,141182,141183,141184,141185,141186,141187,141188,141189,141190,141191,141192,141210,141211,141214,141215,141225,141226,141239,141240,141331,141332,141336,141337,141415,141416,141427,141428,141446,141447,141448,141449,141450,141451,141452,141453,141454,141455,141457,141458,141461,141462,141463,141464,141466,141467,141474,141475,141476,141477,141478,141479,141481,141482,141483,141484,141492,141493,141498,141499,141508,141509,141511,141512,141514,141515,141517,141518,141522,141523,141528,141529,141531,141532,141533,141534,141538,141539,141540,141541,141543,141544,141546,141547,141557,141558,141559,141560,141561,141562,141563,141564,141569,141570,141587,141588,141591,141592,141593,141594,141717,141718,141719,141720,141721,141722,141723,141724,141725,141726,141729,141730,141731,141732,141792,141793,141794,141795,141796,141797,141798,141799,141806,141807,141808,141809,141845,141846,141877,141878,141914,141915,141963,141964,142778,142779,142780,142781,142784,142785,142786,142787,142788,142789,142795,142796,142797,142798,142830,142831,142832,142833,142845,142846,142864,142865,142902,142903,144112,144113,144133,144134,144241,144242,144305,144306,144307,144308,144318,144319,144326,144327,144342,144343,145154,145155,145166,145167,145197,145198,145387,145388,145425,145426,146313,146314,146318,146319,146333,146334,146347,146348,146361,146362,146374,146375,146403,146404,146431,146432,146445,146446,146465,146466,146474,146475,146524,146525,146529,146530,147118,147119,147124,147125,147143,147144,147148,147149,147155,147156,147162,147163,147169,147170,147176,147177,147183,147184,147190,147191,147197,147198,147204,147205,147211,147212,147218,147219,147225,147226,147232,147233,147239,147240,147246,147247,147253,147254,147260,147261,147268,147269,147276,147277,147291,147292,148567,148568,148598,148599,148605,148606,152442,152443,152932,152933,153040,153041,153045,153046,153065,153066,153070,153071,153245,153246,153307,153308,153325,153326,153337,153338,153342,153343,153356,153357,153374,153375,153386,153387,153398,153399,153410,153411,153422,153423,153434,153435,153446,153447,153458,153459,153470,153471,153482,153483,153494,153495,153511,153512,153525,153526,153542,153543,153556,153557,153573,153574,153587,153588,153604,153605,153618,153619,153635,153636,153649,153650,153654,153655,153668,153669,153682,153683,153696,153697,153713,153714,153730,153731,153748,153749,153760,153761,153772,153773,153784,153785,153796,153797,153808,153809,153820,153821,153832,153833,153844,153845,153856,153857,153868,153869,153885,153886,153899,153900,153916,153917,153930,153931,153947,153948,153961,153962,153978,153979,153992,153993
zero 708,154009,154010,154023,154024,154028,154029,154042,154043,154056,154057,154070,154071,154087,154088,154104,154105,154121,154122,154138,154139,154155,154156,154172,154173,154189,154190,154207,154208,154219,154220,154231,154232,154243,154244,154255,154256,154267,154268,154279,154280,154291,154292,154303,154304,154315,154316,154327,154328,154344,154345,154361,154362,154378,154379,154395,154396,154412,154413,154430,154431,154442,154443,154454,154455,154466,154467,154478,154479,154490,154491,154502,154503,154514,154515,154526,154527,154538,154539,154550,154551,154564,154565,154578,154579,154592,154593,154606,154607,154620,154621,154625,154626,154639,154640,154653,154654,154667,154668,154684,154685,154701,154702,154715,154716,154729,154730,154743,154744,154757,154758,154771,154772,154788,154789,154805,154806,154822,154823,154839,154840,154856,154857,154874,154875,154886,154887,154898,154899,154910,154911,154922,154923,154934,154935,154946,154947,154958,154959,154970,154971,154982,154983,154994,154995,155008,155009,155022,155023,155036,155037,155050,155051,155064,155065,155069,155070,155083,155084,155097,155098,155111,155112,155128,155129,155145,155146,155162,155163,155179,155180,155196,155197,155213,155214,155230,155231,155248,155249,155260,155261,155272,155273,155284,155285,155296,155297,155308,155309,155320,155321,155332,155333,155344,155345,155356,155357,155368,155369,155382,155383,155396,155397,155410,155411,155424,155425,155438,155439,155443,155444,155457,155458,155471,155472,155485,155486,155502,155503,155519,155520,155524,155525,155538,155539,155552,155553,155566,155567,155583,155584,155600,155601,155617,155618,155634,155635,155651,155652,155668,155669,155685,155686,155702,155703,155719,155720,155737,155738,155749,155750,155761,155762,155773,155774,155785,155786,155797,155798,155809,155810,155821,155822,155835,155836,155849,155850,155863,155864,155877,155878,155891,155892,155896,155897,155910,155911,155924,155925,155941,155942,155958,155959,155975,155976,155992,155993,156009,156010,156026,156027,156043,156044,156061,156062,156073,156074,156085,156086,156097,156098,156109,156110,156121,156122,156133,156134,156145,156146,156159,156160,156173,156174,156187,156188,156201,156202,156215,156216,156220,156221,156234,156235,156248,156249,156265,156266,156282,156283,156299,156300,156316,156317,156333,156334,156350,156351,156367,156368,156385,156386,156397,156398,156409,156410,156421,156422,156433,156434,156445,156446,156457,156458,156469,156470,156483,156484,156497,156498,156511,156512,156525,156526,156539,156540,156544,156545,156558,156559,156572,156573,156589,156590,156606,156607,156623,156624,156640,156641,156657,156658,156675,156676,156687,156688,156699,156700,156711,156712,156723,156724,156735,156736,156747,156748,156759,156760,156771,156772,156783,156784,156797,156798,156811,156812,156825,156826,156839,156840,156853,156854,156858,156859,156872,156873,156886,156887,156903,156904,156920,156921,156937,156938,156954,156955,156971,156972,156988,156989,157005,157006,157023,157024,157035,157036,157047,157048,157059,157060,157071,157072,157083,157084,157095,157096,157107,157108,157119,157120,157131,157132,157145,157146,157159,157160,157173,157174,157187,157188,157201,157202,157206,157207,157220,157221,157234,157235,157251,157252,157268,157269,157379,157380,157443,157444,157448,157449,157473,157474,157488,157489,157498,157499,157543,157544,157576,157577,157587,157588,157646,157647,157662,157663,157739,157740,158597,158598,158617,158618,158633,158634,158644,158645,158649,158650,158713,158714,158719,158720,158726,158727,158732,158733,158742,158743,158751,158752,158761,158762,160857,160858,163042,163043,163052,163053,163058,163059,163065,163066,163071,163072,163082,163083,163105,163106,163162,163163,163181,163182,163234,163235,163262,163263,163268,163269,163313,163314,163392,163393,163417,163418,163476,163477,163507,163508,163514,163515,163529,163530,163633,163634,163638,163639,163652,163653,163737,163738,163752,163753,163757,163758,163764,163765,163789,163790,163797,163798,163804,163805,163810,163811,163818,163819,163825,163826,163832,163833,163838,163840,163842,164001,164003,164515,173175,173176,175209,175210,175415,175416,175798,175799,177796,177797,178153,178154,180202,180203,190495,190496,190577,190578,190636,190637,190882,190883,190923,190924,191222,191223,191254,191255,191410,191411,192798,192799,192809,192810,192819,192820,192890,192891,193567,193568,195983,195984,195987,195988,195989,195990,195991,195992,195994,195995,195996,195997,196001,196002,196004,196005,196006,196007,196008,196009,196021,196022,196028,196029,196035,196036,196068,196069,196070,196071,196074,196075,196076,196077,196082,196083,196113,196114,196115,196116,196119,196120,196123,196124,196527,196528,196529,196530,196532,196533,196534,196535,196536,196537,196539,196540,196542,196543,196545,196546,196554,196555,196557,196558,196571,196572,196573,196574,196575,196576,196577,196578,196581,196582,196583,196584
zero 92,196589,196590,196600,196601,196606,196608,196610,197122,197883,197884,206147,206148,208474,208475,208559,208560,208809,208810,208900,208901,208905,208906,208911,208912,208915,208916,209194,209195,209232,209233,209240,209241,209246,209247,209251,209252,209257,209258,209268,209269,209280,209281,209339,209340,209432,209433,209446,209447,209506,209507,209551,209552,209582,209583,209594,209595,209599,209600,209605,209606,209610,209611,209617,209618,209744,209745,209748,209749,209753,209754,209758,209759,209877,209878,209900,209901,210067,210068,210072,210073,210411,210412,210454,210455,210509,210510,210973,210974,210976,210977,211019,211486
zero 8,211486,211531,228864,229376,229378,229537,229539,229847
zero 610,229847,230051,240143,240144,240275,240276,240340,240341,240355,240356,240358,240359,241149,241150,241198,241199,241200,241201,241203,241204,241206,241207,241208,241209,241210,241211,241212,241213,241225,241226,241227,241228,241341,241342,241344,241345,241347,241348,241349,241350,241351,241352,241353,241354,241355,241356,241371,241372,241373,241374,241383,241384,241389,241390,241437,241438,241447,241448,241454,241455,241480,241481,241833,241834,242006,242007,242012,242013,242021,242022,242033,242034,242043,242044,242050,242051,242059,242060,242104,242105,242109,242110,242115,242116,242120,242121,242125,242126,242130,242131,242310,242311,242315,242316,242765,242766,243057,243058,243085,243086,243091,243092,243149,243150,243159,243160,243177,243178,243195,243196,246386,246387,246400,246401,246416,246417,246426,246427,246442,246443,246458,246459,246515,246516,246569,246570,246581,246582,246587,246588,246593,246594,246599,246600,246611,246612,246730,246731,246770,246771,246996,246997,247056,247057,247121,247122,247128,247129,247138,247139,247146,247147,247169,247170,247416,247417,247459,247460,247511,247512,247519,247520,248226,248227,249711,249712,249720,249721,249729,249730,249829,249830,249853,249854,249871,249872,249937,249938,249956,249957,249990,249991,249997,249998,250004,250005,250014,250015,250032,250033,250058,250059,250070,250071,250187,250188,250248,250249,250256,250257,250347,250348,250553,250554,250820,250821,250855,250856,251001,251002,251194,251195,251201,251202,251243,251244,251267,251268,251328,251329,251339,251340,251514,251515,251521,251522,251729,251730,251817,251818,251910,251911,252211,252212,252299,252300,252304,252305,252315,252316,252495,252496,252567,252568,252593,252594,252598,252599,252737,252738,252766,252767,252776,252777,252783,252784,252831,252832,252874,252875,252899,252900,252935,252936,252941,252942,252957,252958,252966,252967,253096,253097,253105,253106,253113,253114,253132,253133,253144,253145,253245,253246,253251,253252,253260,253261,253338,253339,253346,253347,253474,253475,253893,253894,254206,254207,254215,254216,254233,254234,254268,254269,254337,254338,254353,254354,254369,254370,254412,254413,254441,254442,254446,254447,254469,254470,254478,254479,254485,254486,254561,254562,254567,254568,254572,254573,254659,254660,254695,254696,254709,254710,254715,254716,254739,254740,254752,254753,254788,254789,254805,254806,254818,254819,254843,254844,254876,254877,254886,254887,255086,255087,255171,255172,255179,255180,255197,255198,255205,255206,255214,255215,255234,255235,255382,255383,255394,255395,255403,255404,255409,255410,255435,255436,255451,255452,255478,255479,255503,255504,255529,255530,255548,255549,255574,255575,255580,255581,255589,255590,255600,255601,255611,255612,255617,255618,255625,255626,255634,255635,255640,255641,255661,255662,255707,255708,255721,255722,255778,255779,255797,255798,257020,257021,257026,257027,257033,257034,257055,257056,258230,258231,258241,258242,258279,258280,258318,258319,258323,258324,258331,258332,258337,258338,258510,258511,258539,258540,258545,258546,258558,258559,258564,258565,258578,258579,258593,258594,258610,258611,258616,258617,258633,258634,258645,258646,258658,258659,258680,258681,258686,258687,258693,258694,258709,258710,258723,258724,258757,258758,258776,258777,258803,258804,258809,258810,258814,258815,258819,258820,258824,258825,259799,259800,259806,259807,259834,259835,259841,259842,259928,259929,259940,259941,259957,259958,259975,259976,259985,259986,260110,260111,260151,260152,260533,260534,260550,260551,260561,260562,260566,260567,260602,260603,260608,260609,260650,260651,260702,260703,260780,260781,260865,260866,260897,260898,260918,260919,260965,260966,261074,261075,261177,261178,261216,261217,261224,261225,261235,261236,261356,261357,261376,261377,261411,261412,261443,261444,261485,261486,261495,261496,261503,261504,261512,261513,261623,261624,261754,261755,261804,261805,261811,261812,261817,261818,261824,261825,261906,261907,261912,261913,261919,261920,261924,261925,261935,261936,261944,261945,261953,261954,261960,261961,261973,261974,261997,261998,262020,262021,262027,262028,262054,262055,262085,262086,262107,262108,262131,262132,262137,262138,262139,262140,262141,262144,262146,262658,263078,263082
zero 6,263082,263590,294400,294912,294914,294918
zero 680,294918,295073,295075,295587,295793,295794,296037,296038,296044,296045,296105,296106,296154,296155,296161,296162,296353,296354,296376,296377,296384,296385,296405,296406,296415,296416,296421,296422,296427,296428,296433,296434,296445,296446,296452,296453,296458,296459,296471,296472,296477,296478,296480,296481,296482,296483,296484,296485,296486,296487,296507,296508,296509,296510,296519,296520,296523,296524,296578,296579,296590,296591,296597,296598,296633,296634,296637,296638,296647,296648,296661,296662,296708,296709,296718,296719,296723,296724,296732,296733,296751,296752,296815,296816,296818,296819,296823,296824,296827,296828,296831,296832,296834,296835,296984,296985,296988,296989,297590,297591,297626,297627,297632,297633,297745,297746,297756,297757,297779,297780,297802,297803,302814,302815,302830,302831,302848,302849,302858,302859,302876,302877,302894,302895,302960,302961,303025,303026,303030,303031,303035,303036,303040,303041,303054,303055,303306,303307,303363,303364,303750,303751,303836,303837,303924,303925,303935,303936,303942,303943,303970,303971,304386,304387,304446,304447,304523,304524,304530,304531,304536,304537,305571,305572,305609,305610,307547,307548,307554,307555,307564,307565,307706,307707,307740,307741,307764,307765,307868,307869,307897,307898,307933,307934,307940,307941,307947,307948,307964,307965,307985,307986,307990,307991,308004,308005,308145,308146,308232,308233,308239,308240,308364,308365,308848,308849,309397,309398,309658,309659,309928,309929,309935,309936,310037,310038,310071,310072,310160,310161,310171,310172,310426,310427,310727,310728,310822,310823,310922,310923,311235,311236,311241,311242,311245,311246,311284,311285,311289,311290,311596,311597,311600,311601,311709,311710,311742,311743,311746,311747,311753,311754,311756,311757,311962,311963,312004,312005,312017,312018,312023,312024,312090,312091,312104,312105,312165,312166,312206,312207,312220,312221,312225,312226,312235,312236,312242,312243,312253,312254,312259,312260,312322,312323,312344,312345,312352,312353,312358,312359,312407,312408,312412,312413,312432,312433,312490,312491,312496,312497,312563,312564,312574,312575,312711,312712,312767,312768,312775,312776,312782,312783,312812,312813,312826,312827,312982,312983,312986,312987,312996,312997,313095,313096,313103,313104,313109,313110,313319,313320,313914,313915,314336,314337,314346,314347,314370,314371,314416,314417,314518,314519,314537,314538,314548,314549,314569,314570,314635,314636,314680,314681,314965,314966,314970,314971,314976,314977,315063,315064,315067,315068,315088,315089,315092,315093,315198,315199,315247,315248,315267,315268,315272,315273,315303,315304,315335,315336,315350,315351,315357,315358,315401,315402,315420,315421,315425,315426,315445,315446,315490,315491,315550,315551,315560,315561,315862,315863,316001,316002,316026,316027,316053,316054,316256,316257,316268,316269,316277,316278,316281,316282,316320,316321,316355,316356,316392,316393,316397,316398,316407,316408,316419,316420,316432,316433,316519,316520,316524,316525,316538,316539,316562,316563,316570,316571,316579,316580,316583,316584,316591,316592,316622,316623,316701,316702,316768,316769,316781,316782,316861,316862,316886,316887,319122,319123,319126,319127,319132,319133,319166,319167,319177,319178,320607,320608,320621,320622,320676,320677,320741,320742,320745,320746,320752,320753,320756,320757,320760,320761,321016,321017,321053,321054,321057,321058,321071,321072,321087,321088,321106,321107,321128,321129,321132,321133,321153,321154,321166,321167,321198,321199,321202,321203,321208,321209,321235,321236,321258,321259,321331,321332,321357,321358,321398,321399,321403,321404,321406,321407,321410,321411,323022,323023,323029,323030,323065,323066,323074,323075,323169,323170,323184,323185,323206,323207,323229,323230,323238,323239,323246,323247,323527,323528,323695,323696,323758,323759,324317,324318,324340,324341,324352,324353,324356,324357,324403,324404,324407,324408,324455,324456,324522,324523,324678,324679,324860,324861,324916,324917,324955,324956,325007,325008,325139,325140,325263,325264,325310,325311,325318,325319,325335,325336,325481,325482,325503,325504,325547,325548,325590,325591,325639,325640,325647,325648,325655,325656,325664,325665,325798,325799,325970,325971,326033,326034,326039,326040,326043,326044,326049,326050,326188,326189,326192,326193,326197,326198,326201,326202,326213,326214,326221,326222,326230,326231,326235,326236,326253,326254,326259,326260,326357,326358,326388,326389,326419,326420,326425,326426,326460,326461,326714,326715,326749,326750,326782,326783,327071,327072,327075,327076,327080,327081,327166,327167,327237,327238,327244,327245,327588,327589,327614,327615,327616,327617,327624,327625,327649,327650,327656,327657,327660,327661,327665,327666,327678,327680,327682,327701
zero 626,327701,328194,329080,329081,329535,329536,329692,329693,329801,329802,329945,329946,330047,330048,330238,330239,330398,330399,330462,330463,330611,330612,330816,330817,330911,330912,331066,331067,331129,331130,331132,331133,335957,335958,336181,336182,336487,336488,336523,336524,336608,336609,336620,336621,336627,336628,336634,336635,336641,336642,336650,336651,336657,336658,336663,336664,336669,336670,336679,336680,336686,336687,336693,336694,336700,336701,336707,336708,336714,336715,336725,336726,336736,336737,336745,336746,336752,336753,336761,336762,336775,336776,336784,336785,336792,336793,336806,336807,336814,336815,336827,336828,336840,336841,336851,336852,336863,336864,336870,336871,336876,336877,336906,336907,336916,336917,336946,336947,336956,336957,336983,336984,337010,337011,337037,337038,337064,337065,337076,337077,337084,337085,337091,337092,337117,337118,337143,337144,337153,337154,337163,337164,337189,337190,337199,337200,337225,337226,337251,337252,337261,337262,337271,337272,337281,337282,337289,337290,337296,337297,337312,337313,337925,337926,337932,337933,337947,337948,337983,337984,338028,338029,338045,338046,338051,338052,338056,338057,338063,338064,338069,338070,338499,338500,338517,338518,338952,338953,339118,339119,339160,339161,339172,339173,339179,339180,339196,339197,339219,339220,339267,339268,339279,339280,339286,339287,339301,339302,339304,339305,339313,339314,339320,339321,339347,339348,339366,339367,339402,339403,339441,339442,339446,339447,339502,339503,339505,339506,339513,339514,339521,339522,339538,339539,339545,339546,339552,339553,339557,339558,339562,339563,339600,339601,339799,339800,339807,339808,339813,339814,339994,339995,340031,340032,340039,340040,340069,340070,340209,340210,340229,340230,340254,340255,340265,340266,340267,340268,340279,340280,340627,340628,340629,340630,340631,340632,340646,340647,340656,340657,340875,340876,340969,340970,340992,340993,341001,341002,341025,341026,341035,341036,341072,341073,341082,341083,341088,341089,341144,341145,341146,341147,341194,341195,341244,341245,341295,341296,341297,341298,341299,341300,341314,341315,341340,341341,341392,341393,343182,343183,343211,343212,343384,343385,343479,343480,343481,343482,343491,343492,343499,343500,343504,343505,343516,343517,343523,343524,344768,344769,344815,344816,344831,344832,344888,344889,344902,344903,345030,345031,345436,345437,345559,345560,345604,345605,345644,345645,345669,345670,345678,345679,345874,345875,346080,346081,346091,346092,346112,346113,346122,346123,346284,346285,346289,346290,346320,346321,346325,346326,346367,346368,346631,346632,346657,346658,346666,346667,346734,346735,346739,346740,346743,346744,346746,346747,346750,346751,346772,346773,346775,346776,346782,346783,346789,346790,346797,346798,346815,346816,346819,346820,346849,346850,346896,346897,346962,346963,347003,347004,347009,347010,350667,350668,351150,351151,351252,351253,351255,351256,351259,351260,351445,351446,351547,351548,351681,351682,351772,351773,351775,351776,351782,351783,351860,351861,351893,351894,351935,351936,351952,351953,351961,351962,352015,352016,352053,352054,352064,352065,352070,352071,352075,352076,352169,352170,352190,352191,352215,352216,352234,352235,352246,352247,352269,352270,352282,352283,352296,352297,352372,352373,352377,352378,352383,352384,352388,352389,352396,352397,352487,352488,352508,352509,355608,355609,358840,358841,358847,358848,358989,358990,359015,359016,359087,359088,359098,359099,359103,359104,359109,359110,359119,359120,359125,359126,359153,359154,359176,359177,359197,359198,359215,359216,359221,359222,359227,359228,359249,359250,359283,359284,359356,359357,359369,359370,359375,359376,359393,359394,359396,359397,359405,359406,359411,359412,359462,359463,359466,359467,359480,359481,359495,359496,359498,359499,359504,359505,359571,359572,359574,359575,359582,359583,359589,359590,359596,359597,359602,359603,359626,359627,359631,359632,359636,359637,359639,359640,359643,359644,359679,359680,359843,359844,359846,359847,359854,359855,359858,359859,359862,359863,359889,359890,359897,359898,359901,359902,359930,359931,360114,360115,360124,360125,360127,360128,360132,360133,360159,360160,360161,360162,360176,360177,360182,360183,360257,360258,360262,360263,360264,360265,360396,360397,360403,360404,360408,360409,360436,360437,360441,360442,360445,360448,360450,360668
zero 6,360668,360962,392704,393216,393218,393436
zero 6,393436,393730,425472,425984,425986,426204
zero 6,426204,426498,458240,458752,458754,458972
zero 6,458972,459266,491008,491520,491522,491740
zero 6,491740,492034,523776,524288,524290,524508
zero 6,524508,524802,556544,557056,557058,557276
zero 6,557276,557570,589312,589824,589826,590044
zero 6,590044,590338,622080,622592,622594,622812
zero 2,622812,623106
